     0/119     13.2G    0.1077   0.02004         0    0.1278         4       864         0         0 0.0006725 0.0001832   0.09054   0.01672         0
     1/119     13.1G    0.0944   0.01485         0    0.1092         4       864         0         0  0.001981 0.0003954    0.0842   0.01334         0
     2/119     13.1G   0.08698   0.01338         0    0.1004         2       864         1   0.02857   0.05317  0.007683   0.07541    0.0125         0
     3/119     13.1G   0.08086    0.0127         0   0.09357         4       864         1   0.02857   0.05628   0.01165   0.06835   0.01187         0
     4/119     13.1G   0.07428   0.01235         0   0.08664         1       864         1   0.02857    0.1154   0.02572   0.06691   0.01113         0
     5/119     13.1G   0.06865   0.01221         0   0.08087         5       864         0         0    0.1608   0.04382   0.05889   0.01111         0
     6/119     13.1G    0.0657   0.01166         0   0.07736         2       864         0         0    0.4298    0.1557   0.05569    0.0101         0
     7/119     13.1G   0.06434   0.01065         0   0.07499         3       864    0.7957   0.02857    0.1795   0.03794   0.06719   0.00905         0
     8/119     13.1G   0.06324    0.0103         0   0.07354         6       864    0.7299    0.1554    0.4202    0.1265    0.0553  0.009053         0
     9/119     13.1G   0.06155   0.01035         0    0.0719         4       864     0.598    0.4678    0.4906    0.1629   0.05297   0.00864         0
    10/119     13.1G   0.06037  0.009942         0   0.07031         2       864    0.3349    0.6857    0.4715    0.1838   0.05056  0.008391         0
    11/119     13.1G   0.05809  0.009799         0   0.06789         2       864    0.4848    0.7143    0.6224    0.1944   0.05092  0.008446         0
    12/119     13.1G   0.05885  0.009812         0   0.06866         2       864    0.3036    0.7143    0.4936    0.1773   0.05173  0.008365         0
    13/119     13.1G   0.05845  0.009237         0   0.06769         3       864    0.3516    0.7714    0.5192     0.183   0.05157  0.007607         0
    14/119     13.1G   0.05657  0.009203         0   0.06577         5       864    0.4835    0.6857    0.5458    0.2552   0.04791  0.008037         0
    15/119     13.1G   0.05426  0.009124         0   0.06338         4       864    0.3331    0.8857    0.7563    0.3041   0.04364  0.007685         0
    16/119     13.1G   0.05543  0.009551         0   0.06498         4       864     0.472    0.6286    0.6414    0.2878    0.0453  0.007467         0
    17/119     13.1G   0.05226  0.008594         0   0.06085         3       864    0.3316    0.7937    0.7085    0.3226   0.04184  0.007875         0
    18/119     13.1G   0.05268  0.008562         0   0.06124         3       864    0.3817    0.8571    0.7524    0.3261   0.04281  0.006978         0
    19/119     13.1G    0.0511  0.008478         0   0.05958         4       864    0.4207       0.8    0.7435    0.2915   0.04071  0.007063         0
    20/119     13.1G   0.04921  0.008656         0   0.05786         2       864    0.5362    0.9429    0.8507    0.4292   0.03749  0.006258         0
    21/119     13.1G   0.04788  0.008389         0   0.05627         3       864    0.5165    0.8857    0.8019    0.4026   0.03725  0.006222         0
    22/119     13.1G   0.04906  0.008285         0   0.05734         3       864    0.5571    0.8286    0.7564    0.3384   0.04017  0.006696         0
    23/119     13.1G   0.04798  0.008016         0   0.05599         3       864    0.6086    0.9143    0.8958    0.4499   0.03754  0.006332         0
    24/119     13.1G   0.04815  0.007571         0   0.05572         5       864    0.5014    0.8286     0.755    0.3722   0.03759  0.006812         0
    25/119     13.1G   0.04779  0.008262         0   0.05606         4       864    0.5518    0.9849    0.9058    0.3231   0.04152  0.005727         0
    26/119     13.1G   0.04556  0.007904         0   0.05346         1       864    0.4666    0.9714     0.923    0.4347   0.03844  0.005666         0
    27/119     13.1G   0.04503  0.007265         0   0.05229         3       864    0.4852    0.9714    0.9137    0.4206   0.03694  0.005872         0
    28/119     13.1G   0.04475  0.007748         0    0.0525         3       864    0.4022    0.9143    0.8721     0.461   0.03347  0.006207         0
    29/119     13.1G   0.04403  0.007558         0   0.05159         4       864    0.5755         1    0.9637    0.4959     0.035    0.0049         0
    30/119     13.1G   0.04251   0.00703         0   0.04954         2       864    0.4198    0.9143    0.8094    0.2636   0.04604  0.005903         0
    31/119     13.1G   0.04287  0.007574         0   0.05044         3       864    0.5857    0.9714    0.9446     0.451   0.03514  0.005262         0
    32/119     13.1G   0.04174   0.00742         0   0.04916         3       864    0.6188         1    0.9539    0.5218   0.03108  0.004941         0
    33/119     13.1G   0.04188  0.006922         0    0.0488         2       864    0.6189         1    0.9646    0.4804   0.03168  0.004798         0
    34/119     13.1G   0.03995  0.006661         0   0.04661         4       864    0.6534         1    0.9375     0.509   0.03126    0.0048         0
    35/119     13.1G   0.03904  0.006708         0   0.04574         5       864    0.6414         1    0.9778    0.5296   0.03166  0.004834         0
    36/119     13.1G   0.03853  0.006625         0   0.04516         4       864    0.7561    0.9714    0.9635    0.5597   0.02906  0.004701         0
    37/119     13.1G   0.03838   0.00673         0   0.04511         2       864     0.715         1    0.9669    0.5023   0.03166  0.004994         0
    38/119     13.1G   0.03954  0.006409         0   0.04595         3       864    0.7237         1    0.9886    0.5707   0.03052  0.004578         0
    39/119     13.1G   0.03653  0.006213         0   0.04274         5       864    0.7232         1    0.9861    0.5846   0.02832  0.004297         0
    40/119     13.1G   0.03645  0.006385         0   0.04283         6       864    0.6309         1    0.9874    0.5956   0.02724  0.004306         0
    41/119     13.1G   0.03648  0.006175         0   0.04266         3       864    0.6742    0.9714    0.9648    0.5948   0.02867  0.004494         0
    42/119     13.1G   0.03585  0.005918         0   0.04176         2       864    0.7773         1     0.989    0.6058   0.02783  0.004232         0
    43/119     13.1G   0.03438  0.005793         0   0.04017         5       864    0.7605         1    0.9857    0.6725   0.02469  0.004212         0
    44/119     13.1G   0.03384  0.005785         0   0.03962         3       864    0.7259         1    0.9939    0.6457     0.024  0.003802         0
    45/119     13.1G   0.03336   0.00575         0   0.03911         6       864    0.7668         1    0.9917     0.667   0.02335   0.00386         0
    46/119     13.1G   0.03545  0.005954         0    0.0414         2       864    0.6964         1    0.9715     0.637    0.0262  0.004545         0
    47/119     13.1G   0.03228   0.00545         0   0.03773         6       864    0.7647         1    0.9812      0.66   0.02652  0.004034         0
    48/119     13.1G   0.03344  0.005329         0   0.03877         4       864    0.7343         1    0.9938     0.581    0.0318  0.004066         0
    49/119     13.1G   0.03248  0.005679         0   0.03816         2       864    0.7002    0.9714    0.9832    0.6471   0.02596  0.004361         0
    50/119     13.1G   0.03148  0.005364         0   0.03684         2       864    0.7977    0.9714    0.9804    0.6448   0.02574  0.004065         0
    51/119     13.1G   0.03023  0.004926         0   0.03515         3       864    0.7325         1    0.9924    0.6912   0.02254  0.003775         0
    52/119     13.1G   0.02977  0.004953         0   0.03472         2       864    0.8209    0.9714    0.9917    0.7007   0.02295  0.003598         0
    53/119     13.1G   0.02954  0.004954         0   0.03449         2       864    0.7729         1     0.992    0.6701   0.02406  0.003667         0
    54/119     13.1G   0.03085  0.004858         0    0.0357         3       864    0.9527         1    0.9954    0.6683   0.02613  0.003604         0
    55/119     13.1G   0.02932  0.004999         0   0.03432         2       864    0.7935         1    0.9934    0.7178   0.02123  0.003478         0
    56/119     13.1G   0.02799  0.004822         0   0.03281         2       864    0.7966         1    0.9917     0.737   0.02205  0.003576         0
    57/119     13.1G   0.02812   0.00471         0   0.03283         3       864    0.8699         1    0.9955    0.7543   0.02059  0.003313         0
    58/119     13.1G   0.02859  0.004739         0   0.03333         3       864    0.8157         1    0.9954    0.6867   0.02227  0.003361         0
    59/119     13.1G   0.02794  0.004626         0   0.03256         1       864    0.8858         1    0.9945    0.7503   0.01895  0.003419         0
    60/119     13.1G   0.02726  0.004492         0   0.03175         5       864    0.8627         1    0.9956    0.7468   0.01973  0.003041         0
    61/119     13.1G   0.02583  0.004629         0   0.03046         4       864    0.9024         1    0.9954    0.7053   0.02147    0.0031         0
    62/119     13.1G   0.02734   0.00458         0   0.03192         6       864    0.8729         1    0.9955    0.7712   0.01839   0.00319         0
    63/119     13.1G    0.0262  0.004395         0    0.0306         6       864    0.8688         1    0.9957    0.7776   0.01758  0.002853         0
    64/119     13.1G   0.02604  0.004455         0    0.0305         7       864    0.8788         1    0.9957    0.7643   0.01811  0.002906         0
    65/119     13.1G    0.0243   0.00424         0   0.02854         2       864    0.8845         1    0.9956    0.7393   0.02024  0.002942         0
    66/119     13.1G   0.02533  0.004331         0   0.02966         1       864    0.9245         1    0.9958    0.7722   0.01714  0.002733         0
    67/119     13.1G     0.025  0.004378         0   0.02937         8       864    0.8933         1    0.9957    0.7878   0.01767  0.002838         0
    68/119     13.1G   0.02347  0.004076         0   0.02754         4       864    0.9475         1    0.9957    0.8138   0.01692  0.002776         0
    69/119     13.1G   0.02402  0.004085         0    0.0281         5       864    0.9083         1    0.9957     0.807   0.01605  0.002696         0
    70/119     13.1G   0.02315  0.004102         0   0.02725         4       864    0.9285         1    0.9955     0.788   0.01702   0.00268         0
    71/119     13.1G   0.02334  0.003692         0   0.02704         1       864    0.9577         1    0.9958    0.7818   0.01554  0.002675         0
    72/119     13.1G   0.02321  0.003958         0   0.02717         2       864    0.9174         1    0.9956     0.807   0.01565  0.002615         0
    73/119     13.1G   0.02245  0.003954         0    0.0264         1       864    0.9495         1    0.9957    0.8127   0.01486  0.002532         0
    74/119     13.1G   0.02171  0.003819         0   0.02553         4       864    0.9439         1    0.9958    0.8573   0.01354  0.002494         0
    75/119     13.1G   0.02121  0.003715         0   0.02492         2       864    0.9258         1    0.9957    0.8322   0.01479  0.002507         0
    76/119     13.1G    0.0216  0.003747         0   0.02535         5       864    0.9336         1    0.9957    0.8216   0.01434  0.002515         0
    77/119     13.1G   0.02113  0.003641         0   0.02477         4       864    0.9268         1    0.9958    0.8268   0.01401  0.002425         0
    78/119     13.1G   0.02102  0.003454         0   0.02447         3       864    0.9491         1    0.9958    0.8366   0.01471  0.002341         0
    79/119     13.1G   0.02072  0.003502         0   0.02422         6       864    0.9733         1     0.996    0.8546   0.01325  0.002267         0
    80/119     13.1G   0.02033  0.003683         0   0.02402         5       864    0.9353         1    0.9959    0.8573   0.01334  0.002312         0
    81/119     13.1G   0.02043  0.003539         0   0.02397         5       864    0.9517         1    0.9959    0.8373   0.01298   0.00222         0
    82/119     13.1G    0.0194  0.003479         0   0.02287         4       864    0.9511         1     0.996    0.8436   0.01318  0.002183         0
    83/119     13.1G   0.01973  0.003608         0   0.02334         2       864    0.9474         1    0.9958    0.8417   0.01328   0.00226         0
    84/119     13.1G   0.01913  0.003485         0   0.02262         5       864    0.9505         1    0.9958    0.8536   0.01301  0.002316         0
    85/119     13.1G   0.01911  0.003341         0   0.02245         1       864     0.926         1    0.9959    0.8219   0.01406  0.002158         0
    86/119     13.1G   0.01939  0.003364         0   0.02275         3       864    0.9325         1    0.9958     0.825   0.01473  0.002203         0
    87/119     13.1G   0.01873  0.003257         0   0.02199         1       864    0.9053         1    0.9959     0.828   0.01406  0.002134         0
    88/119     13.1G   0.01838  0.003269         0   0.02165         3       864    0.9385         1     0.996    0.8215   0.01387  0.002211         0
    89/119     13.1G   0.01787  0.003255         0   0.02113         6       864    0.9725         1     0.996    0.8483   0.01246  0.002163         0
    90/119     13.1G   0.01853  0.003277         0    0.0218         4       864    0.9559         1    0.9959    0.8484   0.01238   0.00224         0
    91/119     13.1G   0.01827   0.00314         0   0.02141         4       864    0.9725         1     0.996     0.866   0.01135  0.002164         0
    92/119     13.1G   0.01712  0.003328         0   0.02045         4       864    0.9618         1     0.996    0.8741   0.01175  0.002033         0
    93/119     13.1G   0.01748  0.003174         0   0.02065         7       864    0.9496         1    0.9959    0.8876   0.01155  0.002157         0
    94/119     13.1G    0.0175  0.003273         0   0.02077         5       864     0.947         1    0.9959    0.8784   0.01158  0.002149         0
    95/119     13.1G   0.01765   0.00311         0   0.02076         2       864    0.9559         1    0.9959    0.8704   0.01082  0.002094         0
    96/119     13.1G   0.01688  0.003051         0   0.01993         4       864    0.9733         1    0.9959    0.8635     0.012  0.001976         0
    97/119     13.1G   0.01595  0.002913         0   0.01886         2       864    0.9727         1    0.9959    0.8716   0.01096  0.001978         0
    98/119     13.1G   0.01579  0.003035         0   0.01882         5       864    0.9625         1    0.9959    0.8663   0.01175  0.001959         0
    99/119     13.1G   0.01624  0.002952         0   0.01919         3       864    0.9742         1     0.996    0.8681   0.01184  0.001944         0
   100/119     13.1G   0.01589  0.002974         0   0.01886         4       864    0.9733         1     0.996     0.879   0.01038  0.001844         0
   101/119     13.1G   0.01627  0.003079         0   0.01935         4       864    0.9738         1     0.996    0.8825   0.01108  0.001814         0
   102/119     13.1G   0.01593  0.002844         0   0.01878         3       864    0.9745         1    0.9962    0.8736   0.01152  0.001817         0
   103/119     13.1G    0.0154  0.003033         0   0.01843         3       864    0.9743         1    0.9961    0.8861   0.01067  0.001822         0
   104/119     13.1G   0.01591  0.002986         0    0.0189         3       864    0.9739         1    0.9961    0.9048      0.01  0.001795         0
   105/119     13.1G   0.01564   0.00301         0   0.01865         3       864    0.9731         1    0.9961    0.8874   0.01105  0.001878         0
   106/119     13.1G     0.015  0.002666         0   0.01767         6       864    0.9744         1    0.9961    0.9017   0.01035  0.001772         0
   107/119     13.1G   0.01483  0.002828         0   0.01766         3       864    0.9743         1    0.9963    0.8996  0.009431  0.001762         0
   108/119     13.1G     0.015   0.00287         0   0.01787         2       864    0.9743         1    0.9961    0.8987  0.009894  0.001782         0
   109/119     13.1G   0.01464  0.002857         0    0.0175         3       864    0.9745         1    0.9961    0.8971  0.009663  0.001699         0
   110/119     13.1G   0.01463   0.00289         0   0.01752         5       864    0.9745         1    0.9961    0.8741   0.01046  0.001797         0
   111/119     13.1G    0.0145  0.002916         0   0.01742         6       864    0.9744         1    0.9961    0.9015   0.01038  0.001808         0
   112/119     13.1G   0.01479  0.002718         0   0.01751         1       864    0.9745         1    0.9961    0.9002   0.01009  0.001827         0
   113/119     13.1G   0.01428  0.002964         0   0.01724         5       864    0.9742         1     0.996    0.8878   0.01028  0.001798         0
   114/119     13.1G   0.01457  0.002924         0    0.0175         6       864    0.9744         1    0.9962    0.8827   0.01098  0.001993         0
   115/119     13.1G   0.01409  0.002934         0   0.01702         8       864    0.9743         1    0.9962    0.8857   0.01065  0.001909         0
   116/119     13.1G   0.01441  0.002715         0   0.01712         2       864    0.9596         1    0.9961    0.8804    0.0109   0.00188         0
   117/119     13.1G   0.01441  0.002853         0   0.01727         3       864    0.9741         1    0.9963    0.8772   0.01017  0.001795         0
   118/119     13.1G   0.01413  0.002731         0   0.01687         6       864    0.9729         1    0.9962    0.8983   0.01047  0.001804         0
   119/119     13.1G   0.01392  0.002703         0   0.01662         6       864    0.9697         1    0.9961    0.8936  0.009608   0.00179         0
